74.5641
3.09584
5.49833
6.07789
0.155008
1.86544
2.82699
1.31971
1.70166
1.7449
4.36034
0.223913
2.4937
5.28259
2.17784
6.34233
6.78711
4.16429
4.65077
3.19125
2.41953
0.717212
1.48493
0.796579
2.85839
10.8187
0.139328
1.45029
3.45006
2.53096
1.11353
1.58027
0.703073
3.55413
1.58413
2.89048
0.623989
0.866053
0.237991
0.806364
3.70458
0.282628
2.16704
0.45006
0.990168
2.36458
7.42616
2.67114
4.87008
9.71364
4.12269
2.8084
2.12102
1.33922
0.76994
1.34921
3.43368
7.55251
1.29875
1.86266
0.228346
6.50229
6.10574
2.05372
2.26438
6.48687
1.84137
2.99108
3.27248
10.134
3.21935
5.48833
2.23851
1.24952
0.302372
2.10928
1.89141
2.52443
0.927101
1.0531
4.10326
5.70208
1.00912
1.88748
1.44381
4.41312
0.11773
3.45963
0.225739
0.539407
2.97781
1.7629
1.84383
4.69771
1.5552
1.19306
7.17893
3.51217
2.19121
2.70818
2.34353
4.76047
0.753751
2.24345
0.940261
2.43956
1.93747
2.40386
0.608025
1.43828
3.17926
3.51062
2.69801
2.22109
1.72674
1.30055
0.586897
2.3921
1.979
2.52489
5.5189
5.07837
1.88794
3.40699
3.86926
2.11894
0.32753
1.95315
1.50368
4.07252
0.639297
0.263371
3.90256
0.271601
1.20782
5.43772
5.83848
3.39253
5.43113
2.96745
3.3008
3.24987
1.01031
0.376376
4.41999
0.475098
0.414415
2.2085
3.21787
0.250904
5.2607
1.18684
7.17257
0.827791
1.66642
1.35725
1.66935
1.20387
2.92299
1.41853
2.73475
3.2874
2.89108
0.376192
4.52784
2.04796
2.11552
4.91083
8.02469
1.66087
0.561203
1.76508
3.88789
1.08475
4.87113
1.59081
2.56645
1.98586
6.12862
2.2247
0.760346
3.26221
1.93462
0.902909
1.94252
3.47346
0.29958
1.83637
1.31112
6.19043
0.149917
11.3336
3.36194
0.292357
1.60806
1.17558
2.06841
1.5891
5.13562
2.28891
2.75325
1.8445
6.69354
8.47497
0.329532
0.613941
3.05834
2.11234
1.14879
0.583904
8.9791
2.32103
0.855993
3.10966
4.69709
1.59193
5.50352
1.62089
2.43406
5.67927
1.59732
5.7157
4.80274
1.51656
0.958837
4.72299
1.68382
5.58701
2.94187
0.37331
0.0316376
0.433866
0.245554
7.60364
6.54592
0.557028
1.73641
0.263358
1.2561
0.450887
2.72978
9.18085
0.286585
6.56502
3.8523
2.51201
6.33054
1.48854
1.91996