2.41094e-32
1.06723
1.09
0.836079
0.117009
1.02019
2.87446
0.12066
10.5389
3.20188
1.822
2.61551
0.387173
2.0137
0.895193
0.298596
0.475785
0.652194
2.55204
1.00599
1.40913
2.26278
0.280956
0.755733
3.15816
2.41078
0.908484
0.492474
2.43217
0.833773
0.400271
0.302659
0.268515
0.499851
0.522886
0.151235
1.5847
0.944945
0.747619
1.59208
3.66046
1.76146
1.2674
3.15461
3.94697
3.35353
1.1098
1.12159
2.15568
0.0168066
5.13994
0.935322
2.0926
0.94929
1.41711
0.378334
1.0458
2.28148
3.42725
0.0936179
0.432506
0.35015
2.08475
3.75901
0.935268
1.0367
0.593399
0.240927
2.77659
0.819591
0.72771
1.15681
1.90028
0.580329
0.693979
1.48399
0.19507
2.15061
0.144674
1.84391
0.652644
0.407746
3.69472
1.50115
0.648455
2.85902
2.98234
0.11703
2.91307
0.275449
0.119675
0.340163
2.08991
1.97978
0.733156
1.07334
1.52276
2.8959
1.1742
6.19521
0.033748
0.508652
2.24318
1.5869
0.637367
1.82638
0.75007
0.592258
4.30839
1.12071
3.71542
0.386461
0.474098
4.14701
2.05125
0.738897
2.10359
0.887149
3.89681
0.0734662
1.06922
0.660754
0.276343
2.4256
0.205764
1.93454
0.664294
2.06014
2.05512
0.907277
0.0139437
1.26933
0.52379
1.28363
5.36588
3.89322
1.57441
1.56914
2.12499
1.85791
1.00381
0.495233
0.435656
2.54607
1.44111
4.68664
0.57985
1.23924
0.291285
1.86303
0.0637101
3.75322
0.826821
0.685869
3.78596
3.4948
3.21114
2.77832
0.439323
1.52114
4.31445
1.59501
1.2551
0.884854
1.72495
5.4084
2.14695
0.485174
1.54997
0.505655
0.18722
2.07784
0.276574
3.11563
1.25115
14.3363
0.805841
1.06605
1.21485
0.0377478
1.51438
6.46967
2.20902
0.731732
2.20557
3.01994
5.26758
2.85038
0.364622
0.602469
0.540443
0.536579
1.73257
4.1824
1.4647
5.84465
1.01111
1.21347
0.000743503
0.709767
2.62628
1.36213
2.63141
0.248741
0.574687
0.844515
0.147287
1.42144
0.320348
3.70006
2.11961
0.397392
0.986801
1.20854
0.0406716
0.0570833
4.43784
0.974451
0.312726
2.1026
0.0413191
4.58618
3.0277
1.35101
0.553516
0.617372
6.1697
0.719414
2.76221
0.594284
0.635128
1.08173
1.40767
2.16851
0.197151
2.12943
7.76712
0.650044
3.86999
2.02228
2.02024
0.744724
2.71008
1.01901
2.06686
0.741727
1.08282
4.25876
6.30734
0.667626