2.41094e-32
1.06724
1.09005
0.837796
0.117194
1.02041
2.85611
0.120936
10.4922
3.22476
1.8293
2.64806
0.399568
2.01839
0.839457
0.277972
0.435066
0.66734
2.19764
0.974747
2.04597
2.48491
0.296918
0.750547
3.23326
2.28352
1.01999
0.331839
2.5996
0.64128
0.263737
0.444052
0.176459
0.515367
0.275208
0.212623
1.85269
0.967472
0.607834
1.76012
3.4878
1.81352
1.24687
3.09994
3.81266
3.36266
1.09661
1.01624
2.12248
0.0653517
5.62886
0.810998
2.31419
0.966491
1.43812
0.362982
0.961324
2.31122
3.56568
0.0995639
0.422286
0.361566
2.12912
3.81067
0.885405
0.987384
0.632575
0.220987
2.84464
0.846445
0.747536
1.14477
1.84338
0.558244
0.698394
1.48227
0.151678
2.11722
0.18128
1.71641
0.628835
0.336756
3.61144
1.57211
0.786736
2.49787
2.87642
0.087277
2.68016
0.194058
0.0892499
0.262151
2.10023
2.00927
0.651381
1.06624
1.37988
3.31063
1.13808
6.18199
0.0628268
0.507611
2.27396
1.2924
0.601735
1.59217
1.06596
0.50399
4.05283
1.4205
3.30946
0.520264
0.470605
3.49491
1.1722
0.578217
2.11416
0.955117
3.9422
0.0595739
1.16088
0.630238
0.218249
2.52258
0.240401
1.91563
0.593204
1.95228
1.88427
0.973615
0.0206338
1.31771
0.511644
1.33472
5.39118
3.93629
1.60483
1.59055
1.93969
2.1835
0.885218
0.705763
0.258812
3.05282
1.37657
4.36898
0.683575
1.28529
0.23451
1.93354
0.0769194
3.75859
0.844339
0.650828
3.78545
3.43888
3.42205
2.72221
0.275437
1.41855
4.11574
1.43003
1.70425
0.998606
1.62914
5.40587
2.08866
0.479484
1.461
0.507635
0.164401
2.18643
0.267189
3.12681
0.965858
14.8645
0.871745
1.06631
1.14927
0.0552492
1.52099
6.10762
2.09297
0.792975
2.37822
2.82882
5.34912
2.85327
0.403399
0.590969
0.505154
0.617207
1.75914
4.0454
1.3694
5.97688
1.05771
1.18859
0.000526347
0.708576
2.60956
1.38929
2.60435
0.287227
0.616006
0.874812
0.127464
1.40498
0.324455
3.67704
2.12709
0.394607
1.00026
1.17575
0.0180433
0.0578034
4.28476
0.950171
0.313023
2.08768
0.0295481
4.77739
2.82301
1.28742
0.594684
0.81523
6.19188
0.668167
2.73409
0.539204
0.546934
1.0412
1.45847
2.14952
0.249344
1.99534
7.7609
0.872156
3.57642
2.39475
1.81496
0.835413
2.67965
1.00297
2.02015
0.70741
1.01081
4.26516
6.11993
0.658332