74.5641
3.09542
5.49233
6.07746
0.153809
1.85438
2.84951
1.31098
1.70974
1.75875
4.30432
0.21036
2.4548
5.31248
2.15419
6.41758
6.80267
4.09255
4.22777
2.86167
2.66676
0.732678
1.47522
0.764413
2.84978
10.2867
0.10056
1.6497
3.38046
2.33108
1.23167
1.51736
0.770475
3.25893
1.72979
2.97925
0.556723
0.871252
0.204678
0.7823
3.89848
0.310664
2.17837
0.464754
1.06987
2.20824
7.54051
2.25319
4.94744
8.6195
4.60917
2.52257
2.1844
1.35505
0.77199
1.33094
3.36688
7.21525
1.4674
1.97438
0.232946
6.08342
6.24091
1.41955
2.86432
6.3296
1.95957
2.94004
3.2601
10.0189
3.29195
5.41045
2.37144
1.22106
0.181937
1.57781
2.15733
2.59574
0.905613
1.0427
4.06241
5.63737
1.01296
1.2462
1.65715
4.70803
0.189295
3.43879
0.238315
0.531262
2.97633
1.7022
1.79573
4.80921
1.51394
1.23573
6.94986
3.4659
2.31459
2.62543
2.40745
4.65054
0.595319
2.60233
0.857397
2.22614
2.09096
2.29294
0.501649
1.59296
3.4665
3.4821
2.5773
1.77158
2.59613
1.50167
0.601432
2.27239
2.04373
2.41635
5.53294
4.58878
2.20877
3.34682
3.82338
1.79213
0.561147
1.68272
1.73594
3.99753
0.496944
0.346075
3.64842
0.123832
1.28793
5.57009
5.78404
3.33682
5.08923
3.16315
2.85391
3.12261
0.846041
0.384248
4.47277
0.459735
0.441506
2.07367
3.22884
0.261866
5.26643
1.18745
7.1549
0.793189
1.53256
1.32207
1.60547
1.12899
2.91248
1.28696
2.68883
2.96249
2.91328
0.400487
4.55577
2.1378
2.18416
4.86105
8.16908
1.65973
0.461075
1.75309
3.8704
0.946752
4.79052
1.52862
2.57733
1.98503
5.99113
2.36754
0.716235
2.73629
2.43293
0.895808
1.94683
3.45882
0.305466
1.81477
1.14067
5.7881
0.126652
11.5997
2.7339
0.0233032
2.09246
1.42728
1.9874
1.67586
5.14159
2.32234
2.74515
1.80837
6.18368
8.29483
0.579393
0.420392
3.20801
2.08758
1.11534
0.566234
9.08529
2.31907
0.78877
2.99043
4.70427
1.30967
5.52426
1.9109
2.46957
5.63372
1.52602
5.28663
5.17535
1.15496
0.617125
4.86567
1.72823
5.42003
3.09892
0.362113
0.0380758
0.429214
0.26425
7.34012
6.722
0.575735
1.10863
0.439273
1.08797
0.266862
2.79155
8.72564
0.522075
7.05268
3.87183
2.49356
6.42237
1.39988
1.63209