73.9107
3.14823
5.0893
5.45486
0.051222
2.01693
2.73986
1.13481
1.41218
1.83136
4.18376
0.128163
2.04897
5.47744
2.1448
6.10024
6.78021
4.018
4.14816
2.33865
2.8897
0.657637
1.43402
0.571028
2.45177
10.2651
0.0904761
1.50899
3.18825
2.34147
1.27153
1.32391
0.805855
2.75842
1.67761
2.81687
0.490266
0.968828
0.231433
0.752017
3.71843
0.312339
2.12518
0.418187
1.00054
2.01786
7.61454
2.21377
4.85689
8.41866
4.65683
2.49335
2.19007
1.35245
0.767827
1.32308
3.36384
7.1391
1.37575
1.91925
0.211704
6.13546
6.26242
1.422
2.87681
6.29116
1.94753
2.95456
3.26893
10.0456
3.31672
5.33079
2.37386
1.19058
0.17031
1.57404
2.17299
2.61158
0.9017
1.03531
4.08311
5.6055
1.02533
1.17274
1.63368
4.64081
0.159126
3.4006
0.24826
0.573742
3.05519
1.59322
1.8198
4.67811
1.61497
1.1045
6.8079
3.51638
2.19526
2.44805
2.33779
4.48019
0.464831
2.51737
0.878055
2.26465
2.08879
1.81017
0.387007
1.59283
3.03237
3.37709
2.67741
1.67344
2.42832
1.22197
0.677881
2.1641
2.08625
2.30716
5.47676
4.48543
2.19067
2.96607
4.1967
1.80902
0.568188
1.60897
1.93965
3.95476
0.534723
0.346554
3.69113
0.101711
1.20124
5.78339
5.7828
3.07594
5.09567
3.13631
2.46799
3.39995
0.879028
0.355075
4.43694
0.48664
0.446593
1.84071
2.90034
0.290363
4.95176
1.34256
6.91644
0.672444
1.5045
1.38444
1.58139
0.829109
2.83313
1.27917
2.5881
2.86037
2.73737
0.459781
4.53573
1.89371
2.03891
4.75007
8.11819
1.66759
0.422669
1.76027
3.81784
0.949114
4.72632
1.57743
2.61717
2.00269
5.75398
2.46063
0.693485
2.68094
2.44283
0.854451
1.92837
3.46197
0.311997
1.80653
1.11149
5.74988
0.133549
11.5536
2.65049
0.0155724
2.12167
1.49137
2.03486
1.63097
5.11298
2.34276
2.74795
1.84873
6.01674
8.43878
0.581982
0.399065
3.19085
2.08827
1.1126
0.541519
9.05956
2.3213
0.766301
2.98974
4.48163
1.24325
5.53138
1.88621
2.26039
5.58284
1.5287
5.05189
5.27472
1.13727
0.542833
4.95331
1.71089
5.18445
3.05043
0.334725
0.0392381
0.39791
0.226483
7.37903
6.53897
0.602793
0.995791
0.477732
1.07959
0.272086
2.81429
8.09224
0.665129
6.50125
3.82176
2.43472
6.34176
1.50866
1.61949