2.41094e-32
1.05697
1.08434
0.799777
0.0894012
0.950263
3.04066
0.108194
10.0495
3.48271
1.9359
2.5926
0.385316
1.86747
0.84102
0.239078
0.42447
0.676913
2.13682
0.975543
1.85749
2.49157
0.256041
0.711717
3.25166
2.29829
1.02904
0.339088
2.67992
0.547405
0.221183
0.473396
0.189987
0.505262
0.392358
0.134968
1.46413
1.0863
0.812795
1.47758
3.33258
2.12762
1.24155
2.92644
3.78192
3.53012
1.24344
0.995876
2.06968
0.131715
5.6953
0.699265
2.38255
0.91376
1.47467
0.392364
0.932587
2.30521
3.2454
0.240852
0.332141
0.521617
2.10037
3.68351
0.961134
0.96791
0.70854
0.177442
2.86363
0.783273
0.717501
1.03861
1.93829
0.559502
0.691134
1.39036
0.190145
2.12928
0.187668
1.69066
0.561462
0.230214
3.83432
1.44826
0.55771
2.8341
2.88414
0.0662147
2.21018
0.0570806
0.106752
0.154429
2.4237
2.01585
0.497855
1.01076
1.05676
3.42512
1.07832
6.191
0.022647
0.495244
2.29018
1.28338
0.540044
1.37507
1.13695
0.429954
4.36626
1.27348
3.39407
0.584055
0.422128
3.70789
1.26737
0.531827
2.25845
1.00565
3.87561
0.0422834
1.26047
0.681303
0.221135
2.33328
0.153363
2.05579
0.609733
1.84267
1.57928
1.11246
0.0246428
1.30388
0.47218
1.21467
5.51291
3.79029
1.58553
1.54098
1.68653
2.30855
0.946679
0.577725
0.313983
2.85332
1.42271
4.37026
0.708335
1.27892
0.245388
1.9651
0.0461458
3.28839
1.04106
0.665553
3.78398
3.37625
3.43468
2.67948
0.264658
1.39198
4.20416
1.43339
1.68742
1.04829
1.56587
5.39813
2.07401
0.518836
1.58159
0.508247
0.178567
1.99095
0.28534
3.13447
0.903346
14.6983
0.954183
0.996084
0.946804
0.0321962
1.66
6.09887
1.94122
0.953826
2.53169
2.71423
5.34492
2.92089
0.383196
0.595372
0.467658
0.629051
1.59732
3.99175
1.43645
5.75061
0.873204
1.31739
0.00909345
0.80904
2.48774
1.08869
2.4082
0.510672
0.694617
0.767053
0.21487
1.44078
0.352055
3.57678
2.21683
0.380927
1.03752
1.17246
0.0199706
0.0416317
4.38435
0.92087
0.335014
2.08922
0.0359397
4.72323
2.89332
1.32605
0.565993
0.728862
6.23171
0.640936
2.34078
0.314197
0.289337
1.09787
1.76697
2.02962
0.24328
1.84249
8.01325
0.836103
3.59182
2.33475
1.84395
0.775026
2.65234
1.03013
2.04692
0.772934
1.09322
3.61308
6.80182
0.663587